layout_spectrum: 0.2143547
color:
  saturation: 0.2789179
  brandStrength: 0.07982284
  lightness: 0.1809701
  rhythmicContrast: 0.1968284
typography_spectrum: 0.2655764
name: Thomas Amaro
